1.0	[356.4844618029, 1]
1.0	[356.4844618029, 1]
1.0	[356.4844618029, 1]
1.0	[356.4844618029, 1]
1.0	[356.4844618029, 1]
1.0	[356.4844618029, 1]
1.0	[356.4844618029, 1]
1.0	[356.4844618029, 1]
1.0	[356.4844618029, 1]
1.0	[356.4844618029, 1]
1.0	[356.4844618029, 1]
1.0	[356.4844618029, 1]
1.0	[356.4844618029, 1]
1.0	[356.4844618029, 1]
1.0	[356.4844618029, 1]
1.0	[356.4844618029, 1]
1.0	[356.4844618029, 1]
1.0	[356.4844618029, 1]
1.0	[356.4844618029, 1]
1.0	[246.14334959030626, 21]
1.0	[246.14334959030626, 21]
1.0	[246.14334959030626, 21]
1.0	[200.29992021530626, 23]
1.0	[200.29992021530626, 23]
1.0	[200.29992021530626, 23]
1.0	[200.29992021530626, 23]
1.0	[200.29992021530626, 23]
1.0	[200.29992021530626, 23]
1.0	[200.29992021530626, 23]
1.0	[200.29992021530626, 23]
1.0	[200.29992021530626, 23]
1.0	[200.29992021530626, 23]
1.0	[200.29992021530626, 23]
1.0	[200.29992021530626, 23]
1.0	[200.29992021530626, 23]
1.0	[200.29992021530626, 23]
1.0	[200.29992021530626, 23]
1.0	[136.23622227373005, 31]
1.0	[136.23622227373005, 31]
1.0	[136.23622227373005, 31]
1.0	[136.23622227373005, 31]
1.0	[801281.465818956, 27]
1.0	[2494.1838853804798, 33]
1.0	[2494.1838853804798, 33]
1.0	[2494.1838853804798, 33]
1.0	[2494.1838853804798, 33]
1.0	[38304.746539878084, 27]
1.0	[38304.746539878084, 27]
1.0	[38304.746539878084, 27]
1.0	[38304.746539878084, 27]
1.0	[226459.21342084935, 21]
1.0	[41952.81863267259, 19]
1.0	[28680.04296702345, 33]
1.0	[28680.04296702345, 33]
1.0	[28680.04296702345, 33]
1.0	[28680.04296702345, 33]
1.0	[28680.04296702345, 33]
1.0	[2277452.6171779335, 21]
1.0	[361885.950919551, 25]
1.0	[275365.8174233461, 23]
1.0	[18760.380670138897, 25]
1.0	[18760.380670138897, 25]
1.0	[18760.380670138897, 25]
1.0	[18760.380670138897, 25]
1.0	[18760.380670138897, 25]
1.0	[18760.380670138897, 25]
1.0	[18760.380670138897, 25]
1.0	[18760.380670138897, 25]
1.0	[18760.380670138897, 25]
1.0	[6745.734971141555, 63]
1.0	[6745.734971141555, 63]
1.0	[6745.734971141555, 63]
1.0	[6745.734971141555, 63]
1.0	[6745.734971141555, 63]
1.0	[6745.734971141555, 63]
1.0	[35885904080.20388, 27]
1.0	[35885904080.20388, 27]
1.0	[35885904080.20388, 27]
1.0	[173254.11923860075, 19]
1.0	[173254.11923860075, 19]
1.0	[1093.2937208458998, 19]
1.0	[1093.2937208458998, 19]
1.0	[1093.2937208458998, 19]
1.0	[1093.2937208458998, 19]
1.0	[1093.2937208458998, 19]
1.0	[1093.2937208458998, 19]
1.0	[1093.2937208458998, 19]
1.0	[1093.2937208458998, 19]
1.0	[1093.2937208458998, 19]
1.0	[1093.2937208458998, 19]
1.0	[1093.2937208458998, 19]
1.0	[1093.2937208458998, 19]
1.0	[1093.2937208458998, 19]
1.0	[1093.2937208458998, 19]
1.0	[1093.2937208458998, 19]
1.0	[1093.2937208458998, 19]
1.0	[1093.2937208458998, 19]
1.0	[1093.2937208458998, 19]
1.0	[1093.2937208458998, 19]
1.0	[1093.2937208458998, 19]
1.0	[1093.2937208458998, 19]
1.0	[1093.2937208458998, 19]
1.0	[1093.2937208458998, 19]
1.0	[1093.2937208458998, 19]
1.0	[1093.2937208458998, 19]
1.0	[14.963660683900004, 19]
1.0	[14.963660683900004, 19]
1.0	[14.963660683900004, 19]
1.0	[14.963660683900004, 19]
1.0	[14.963660683900004, 19]
1.0	[14.963660683900004, 19]
1.0	[14.963660683900004, 19]
1.0	[14.963660683900004, 19]
1.0	[14.963660683900004, 19]
1.0	[14.963660683900004, 19]
1.0	[14.963660683900004, 19]
1.0	[14.963660683900004, 19]
1.0	[14.963660683900004, 19]
1.0	[14.963660683900004, 19]
1.0	[14.963660683900004, 19]
1.0	[14.963660683900004, 19]
1.0	[14.963660683900004, 19]
1.0	[14.963660683900004, 19]
1.0	[14.963660683900004, 19]
1.0	[14.963660683900004, 19]
1.0	[14.963660683900004, 19]
1.0	[1037.7860547089535, 15]
1.0	[1037.7860547089535, 15]
1.0	[1037.7860547089535, 15]
1.0	[1037.7860547089535, 15]
1.0	[1037.7860547089535, 15]
1.0	[1037.7860547089535, 15]
1.0	[1037.7860547089535, 15]
1.0	[1037.7860547089535, 15]
1.0	[1037.7860547089535, 15]
1.0	[1037.7860547089535, 15]
1.0	[1037.7860547089535, 15]
1.0	[1037.7860547089535, 15]
1.0	[1037.7860547089535, 15]
1.0	[1037.7860547089535, 15]
1.0	[1037.7860547089535, 15]
1.0	[1037.7860547089535, 15]
1.0	[1037.7860547089535, 15]
1.0	[1037.7860547089535, 15]
1.0	[1037.7860547089535, 15]
1.0	[1037.7860547089535, 15]
1.0	[61.041484643876075, 23]
1.0	[61.041484643876075, 23]
1.0	[61.041484643876075, 23]
1.0	[61.041484643876075, 23]
1.0	[122941233444.91707, 21]
1.0	[122941233444.91707, 21]
1.0	[12571.100167489747, 35]
1.0	[13262899637219.613, 27]
1.0	[509.891745410775, 21]
1.0	[19.457727215615606, 55]
1.0	[973673.5031260797, 29]
1.0	[27155010.461777754, 21]
1.0	[27155010.461777754, 21]
1.0	[1295731.596015533, 33]
1.0	[1295731.596015533, 33]
1.0	[1295731.596015533, 33]
1.0	[1295731.596015533, 33]
1.0	[1217834.3241502543, 33]
1.0	[54381.30654051113, 33]
1.0	[54381.30654051113, 33]
1.0	[54381.30654051113, 33]
1.0	[54381.30654051113, 33]
1.0	[10199729.579194007, 21]
1.0	[6683.87800756184, 33]
1.0	[6683.87800756184, 33]
1.0	[6683.87800756184, 33]
1.0	[6683.87800756184, 33]
1.0	[4299.936942129901, 21]
1.0	[1405.7470345958998, 15]
1.0	[1405.7470345958998, 15]
1.0	[1405.7470345958998, 15]
1.0	[1405.7470345958998, 15]
1.0	[1405.7470345958998, 15]
1.0	[1405.7470345958998, 15]
1.0	[1405.7470345958998, 15]
1.0	[1405.7470345958998, 15]
1.0	[1405.7470345958998, 15]
1.0	[1405.7470345958998, 15]
1.0	[1405.7470345958998, 15]
1.0	[1405.7470345958998, 15]
1.0	[1405.7470345958998, 15]
1.0	[1405.7470345958998, 15]
1.0	[1405.7470345958998, 15]
1.0	[1405.7470345958998, 15]
1.0	[1405.7470345958998, 15]
1.0	[1405.7470345958998, 15]
1.0	[1405.7470345958998, 15]
1.0	[1405.7470345958998, 15]
1.0	[1405.7470345958998, 15]
1.0	[1405.7470345958998, 15]
1.0	[1405.7470345958998, 15]
1.0	[1405.7470345958998, 15]
1.0	[1405.7470345958998, 15]
1.0	[1405.7470345958998, 15]
1.0	[1405.7470345958998, 15]
1.0	[1405.7470345958998, 15]
1.0	[1405.7470345958998, 15]
1.0	[1405.7470345958998, 15]
1.0	[1405.7470345958998, 15]
1.0	[1405.7470345958998, 15]
1.0	[1405.7470345958998, 15]
1.0	[1405.7470345958998, 15]
1.0	[1405.7470345958998, 15]
1.0	[1405.7470345958998, 15]
1.0	[200.64177982277502, 29]
1.0	[200.64177982277502, 29]
1.0	[200.64177982277502, 29]
1.0	[200.64177982277502, 29]
1.0	[17734139.077977534, 21]
1.0	[7813980.840972876, 49]
1.0	[7813980.840972876, 49]
1.0	[59009003735.02229, 41]
1.0	[2502593303.470544, 47]
1.0	[9380494.966822518, 25]
1.0	[494565.14873239305, 21]
1.0	[494565.14873239305, 21]
1.0	[494565.14873239305, 21]
1.0	[494565.14873239305, 21]
1.0	[494565.14873239305, 21]
1.0	[494565.14873239305, 21]
1.0	[431830.0014047233, 23]
1.0	[46558487.29074048, 21]
1.0	[9042.013292041222, 21]
1.0	[20424.012791473302, 19]
1.0	[20424.012791473302, 19]
1.0	[32005559.802876525, 17]
1.0	[16704.10667802055, 19]
1.0	[16704.10667802055, 19]
1.0	[16704.10667802055, 19]
1.0	[16704.10667802055, 19]
1.0	[16704.10667802055, 19]
1.0	[16704.10667802055, 19]
1.0	[16704.10667802055, 19]
1.0	[16704.10667802055, 19]
1.0	[16704.10667802055, 19]
1.0	[16704.10667802055, 19]
1.0	[16704.10667802055, 19]
1.0	[16704.10667802055, 19]
1.0	[16704.10667802055, 19]
1.0	[16704.10667802055, 19]
1.0	[16704.10667802055, 19]
1.0	[16704.10667802055, 19]
1.0	[16704.10667802055, 19]
1.0	[14205.83461250692, 21]
1.0	[14205.83461250692, 21]
1.0	[14205.83461250692, 21]
1.0	[7000.689934733643, 25]
1.0	[7000.689934733643, 25]
1.0	[66.0809413675958, 13]
1.0	[66.0809413675958, 13]
1.0	[66.0809413675958, 13]
1.0	[66.0809413675958, 13]
1.0	[66.0809413675958, 13]
1.0	[66.0809413675958, 13]
1.0	[66.0809413675958, 13]
1.0	[66.0809413675958, 13]
1.0	[66.0809413675958, 13]
1.0	[66.0809413675958, 13]
1.0	[66.0809413675958, 13]
1.0	[66.0809413675958, 13]
1.0	[66.0809413675958, 13]
1.0	[66.0809413675958, 13]
1.0	[66.0809413675958, 13]
1.0	[66.0809413675958, 13]
1.0	[66.0809413675958, 13]
1.0	[66.0809413675958, 13]
1.0	[66.0809413675958, 13]
1.0	[49.0207576600919, 15]
1.0	[2426.595396541074, 11]
1.0	[2426.595396541074, 11]
1.0	[2426.595396541074, 11]
1.0	[2426.595396541074, 11]
1.0	[2426.595396541074, 11]
1.0	[1996.6797765321917, 13]
1.0	[1996.6797765321917, 13]
1.0	[1996.6797765321917, 13]
1.0	[1996.6797765321917, 13]
1.0	[1996.6797765321917, 13]
1.0	[1996.6797765321917, 13]
1.0	[1996.6797765321917, 13]
1.0	[1996.6797765321917, 13]
1.0	[1996.6797765321917, 13]
1.0	[1996.6797765321917, 13]
1.0	[1996.6797765321917, 13]
1.0	[1996.6797765321917, 13]
1.0	[1996.6797765321917, 13]
1.0	[1996.6797765321917, 13]
1.0	[1996.6797765321917, 13]
1.0	[1996.6797765321917, 13]
1.0	[1996.6797765321917, 13]
1.0	[1996.6797765321917, 13]
1.0	[1996.6797765321917, 13]
1.0	[1996.6797765321917, 13]
1.0	[1996.6797765321917, 13]
1.0	[1996.6797765321917, 13]
1.0	[1996.6797765321917, 13]
1.0	[1996.6797765321917, 13]
1.0	[1996.6797765321917, 13]
1.0	[1996.6797765321917, 13]
1.0	[1996.6797765321917, 13]
1.0	[1996.6797765321917, 13]
1.0	[1996.6797765321917, 13]
1.0	[1996.6797765321917, 13]
1.0	[1996.6797765321917, 13]
1.0	[353.9014003649, 65]
1.0	[8493740.074019944, 27]
1.0	[7222466335.021009, 21]
1.0	[7222466335.021009, 21]
1.0	[31150804.600464925, 33]
1.0	[31150804.600464925, 33]
1.0	[31150804.600464925, 33]
1.0	[3667213.190777098, 49]
1.0	[559291427.8250724, 33]
1.0	[1190.6890842674775, 33]
1.0	[1190.6890842674775, 33]
1.0	[1190.6890842674775, 33]
1.0	[1190.6890842674775, 33]
1.0	[442954317.1693763, 29]
1.0	[169256045.24407715, 23]
1.0	[15.739130683899972, 27]
1.0	[15.739130683899972, 27]
1.0	[15.739130683899972, 27]
1.0	[15.739130683899972, 27]
1.0	[15.739130683899972, 27]
1.0	[15.739130683899972, 27]
1.0	[15.739130683899972, 27]
1.0	[15.739130683899972, 27]
1.0	[15.739130683899972, 27]
1.0	[15.739130683899972, 27]
1.0	[15.739130683899972, 27]
1.0	[15.739130683899972, 27]
1.0	[15.739130683899972, 27]
1.0	[15.739130683899972, 27]
1.0	[2109585.7073861915, 23]
1.0	[530444.755113436, 21]
1.0	[283497.97944312025, 15]
1.0	[133186.47946201017, 25]
1.0	[133186.47946201017, 25]
1.0	[2217599.159053154, 21]
1.0	[1811793.7811784924, 27]
1.0	[9061.102411778898, 19]
1.0	[9061.102411778898, 19]
1.0	[9061.102411778898, 19]
1.0	[9061.102411778898, 19]
1.0	[5846.2397112099, 19]
1.0	[5846.2397112099, 19]
1.0	[19468.329922871002, 15]
1.0	[207.09792536490002, 15]
1.0	[207.09792536490002, 15]
1.0	[207.09792536490002, 15]
1.0	[207.09792536490002, 15]
1.0	[207.09792536490002, 15]
1.0	[207.09792536490002, 15]
1.0	[129.77355326027504, 27]
1.0	[129.77355326027504, 27]
1.0	[58231.479478714005, 21]
1.0	[58231.479478714005, 21]
1.0	[58231.479478714005, 21]
1.0	[58231.479478714005, 21]
1.0	[43554.4857815841, 27]
1.0	[151.9777774039078, 21]
1.0	[151.9777774039078, 21]
1.0	[151.9777774039078, 21]
1.0	[106.37614365390782, 21]
1.0	[106.37614365390782, 21]
1.0	[106.37614365390782, 21]
1.0	[106.37614365390782, 21]
1.0	[106.37614365390782, 21]
1.0	[106.37614365390782, 21]
1.0	[106.37614365390782, 21]
1.0	[106.37614365390782, 21]
1.0	[106.37614365390782, 21]
1.0	[106.37614365390782, 21]
1.0	[106.37614365390782, 21]
1.0	[106.37614365390782, 21]
1.0	[106.37614365390782, 21]
1.0	[91076.6442137934, 17]
1.0	[91076.6442137934, 17]
1.0	[91076.6442137934, 17]
1.0	[91076.6442137934, 17]
1.0	[8279.753860077275, 17]
1.0	[8279.753860077275, 17]
1.0	[8279.753860077275, 17]
1.0	[8279.753860077275, 17]
1.0	[8279.753860077275, 17]
1.0	[8279.753860077275, 17]
1.0	[8279.753860077275, 17]
1.0	[8279.753860077275, 17]
1.0	[669.6188816670563, 39]
1.0	[669.6188816670563, 39]
1.0	[608.8943519795565, 47]
1.0	[608.8943519795565, 47]
1.0	[19945.177903035805, 45]
1.0	[6187.7148936812755, 19]
1.0	[587.750985103208, 101]
1.0	[5495.498159940776, 19]
1.0	[5495.498159940776, 19]
1.0	[5495.498159940776, 19]
1.0	[5495.498159940776, 19]
1.0	[5495.498159940776, 19]
1.0	[5495.498159940776, 19]
1.0	[5495.498159940776, 19]
1.0	[5495.498159940776, 19]
1.0	[5495.498159940776, 19]
1.0	[5495.498159940776, 19]
1.0	[2852.237981440899, 21]
1.0	[2852.237981440899, 21]
1.0	[248.43243569317903, 25]
1.0	[248.43243569317903, 25]
1.0	[248.43243569317903, 25]
1.0	[248.43243569317903, 25]
1.0	[248.43243569317903, 25]
1.0	[248.43243569317903, 25]
1.0	[248.43243569317903, 25]
1.0	[248.43243569317903, 25]
1.0	[248.43243569317903, 25]
1.0	[248.43243569317903, 25]
1.0	[5116.71577119607, 21]
1.0	[5116.71577119607, 21]
1.0	[5116.71577119607, 21]
1.0	[5116.71577119607, 21]
1.0	[5116.71577119607, 21]
1.0	[5116.71577119607, 21]
1.0	[5116.71577119607, 21]
1.0	[5116.71577119607, 21]
1.0	[5116.71577119607, 21]
1.0	[5116.71577119607, 21]
1.0	[5116.71577119607, 21]
1.0	[5116.71577119607, 21]
1.0	[5116.71577119607, 21]
1.0	[5116.71577119607, 21]
1.0	[1098.3465134131102, 27]
1.0	[1098.3465134131102, 27]
1.0	[1098.3465134131102, 27]
1.0	[8904749285.508785, 21]
1.0	[355707208.76553386, 23]
1.0	[7635924.511897151, 49]
1.0	[10493.132731598516, 35]
1.0	[10493.132731598516, 35]
1.0	[10493.132731598516, 35]
1.0	[595504.6015169837, 25]
1.0	[595504.6015169837, 25]
1.0	[595504.6015169837, 25]
1.0	[595504.6015169837, 25]
1.0	[595504.6015169837, 25]
1.0	[595504.6015169837, 25]
1.0	[595504.6015169837, 25]
1.0	[595504.6015169837, 25]
1.0	[595504.6015169837, 25]
1.0	[595504.6015169837, 25]
1.0	[595504.6015169837, 25]
1.0	[595504.6015169837, 25]
1.0	[119983605886.26643, 21]
1.0	[10219065.176580377, 25]
1.0	[2502712.327249803, 21]
1.0	[2502712.327249803, 21]
1.0	[2502712.327249803, 21]
1.0	[2502712.327249803, 21]
1.0	[2502712.327249803, 21]
1.0	[2502712.327249803, 21]
1.0	[667770.7112593924, 33]
1.0	[667770.7112593924, 33]
1.0	[667770.7112593924, 33]
1.0	[251455.31840750968, 33]
1.0	[5765226228.231014, 19]
1.0	[5765226228.231014, 19]
1.0	[5634792671.892606, 57]
1.0	[311011.65571278293, 21]
1.0	[6700373.558826523, 19]
1.0	[6700373.558826523, 19]
1.0	[6700373.558826523, 19]
1.0	[6700373.558826523, 19]
1.0	[6700373.558826523, 19]
1.0	[6700373.558826523, 19]
1.0	[6700373.558826523, 19]
1.0	[941631.8343690401, 15]
1.0	[312286.87450881593, 21]
1.0	[312286.87450881593, 21]
1.0	[6305798.204344802, 19]
1.0	[6305798.204344802, 19]
1.0	[844970.748546507, 63]
1.0	[37741475093599.17, 19]
1.0	[820593.79862401, 21]
1.0	[269922.2087858773, 63]
1.0	[269922.2087858773, 63]
1.0	[269922.2087858773, 63]
1.0	[386425918.29811895, 31]
1.0	[386425918.29811895, 31]
1.0	[79792980212.84662, 21]
1.0	[209072.70547882334, 15]
1.0	[209072.70547882334, 15]
1.0	[209072.70547882334, 15]
1.0	[209072.70547882334, 15]
1.0	[353.9014003649, 37]
1.0	[353.9014003649, 37]
1.0	[128456667.04995136, 25]
1.0	[128456667.04995136, 25]
1.0	[353.9014003649, 43]
1.0	[353.9014003649, 43]
1.0	[353.9014003649, 37]
1.0	[353.9014003649, 37]
1.0	[414113501.64881724, 21]
1.0	[414113501.64881724, 21]
1.0	[414113501.64881724, 21]
1.0	[414113501.64881724, 21]
1.0	[7860004.869810527, 21]
1.0	[236219.5005419602, 49]
1.0	[3080698874.144431, 43]
1.0	[77057209.00676224, 49]
1.0	[479716.7336979683, 39]
1.0	[479716.7336979683, 39]
1.0	[46104.7481043779, 21]
1.0	[46104.7481043779, 21]
1.0	[46104.7481043779, 21]
1.0	[46104.7481043779, 21]
1.0	[46104.7481043779, 21]
1.0	[46104.7481043779, 21]
1.0	[46104.7481043779, 21]
1.0	[41436.52189800778, 35]
1.0	[41436.52189800778, 35]
1.0	[7304462.639212741, 21]
1.0	[792.0627870678941, 27]
1.0	[792.0627870678941, 27]
1.0	[792.0627870678941, 27]
1.0	[792.0627870678941, 27]
1.0	[10733763.662035102, 25]
1.0	[21259870.808315475, 15]
1.0	[21259870.808315475, 15]
1.0	[12075032.99700729, 35]
1.0	[5108263725.560788, 27]
1.0	[72540.6304302857, 15]
1.0	[72540.6304302857, 15]
1.0	[72540.6304302857, 15]
1.0	[72540.6304302857, 15]
1.0	[72540.6304302857, 15]
1.0	[70.7745099039078, 15]
1.0	[70.7745099039078, 15]
1.0	[70.7745099039078, 15]
1.0	[70.7745099039078, 15]
1.0	[70.7745099039078, 15]
1.0	[70.7745099039078, 15]
1.0	[70.7745099039078, 15]
1.0	[70.7745099039078, 15]
1.0	[70.7745099039078, 15]
1.0	[70.7745099039078, 15]
1.0	[70.7745099039078, 15]
1.0	[70.7745099039078, 15]
1.0	[70.7745099039078, 15]
1.0	[70.7745099039078, 15]
1.0	[70.7745099039078, 15]
1.0	[70.7745099039078, 15]
1.0	[70.7745099039078, 15]
1.0	[70.7745099039078, 15]
1.0	[70.7745099039078, 15]
1.0	[70.7745099039078, 15]
1.0	[70.7745099039078, 15]
1.0	[70.7745099039078, 15]
1.0	[70.7745099039078, 15]
1.0	[70.7745099039078, 15]
1.0	[70.7745099039078, 15]
1.0	[61.55878187505821, 15]
1.0	[61.55878187505821, 15]
1.0	[61.55878187505821, 15]
1.0	[61.55878187505821, 15]
1.0	[61.55878187505821, 15]
1.0	[61.55878187505821, 15]
1.0	[61.55878187505821, 15]
1.0	[61.55878187505821, 15]
1.0	[61.55878187505821, 15]
1.0	[61.55878187505821, 15]
1.0	[61.55878187505821, 15]
1.0	[61.55878187505821, 15]
1.0	[61.55878187505821, 15]
1.0	[61.55878187505821, 15]
1.0	[61.55878187505821, 15]
1.0	[61.55878187505821, 15]
1.0	[61.55878187505821, 15]
1.0	[61.55878187505821, 15]
1.0	[61.55878187505821, 15]
1.0	[61.55878187505821, 15]
1.0	[61.55878187505821, 15]
1.0	[61.55878187505821, 15]
1.0	[61.55878187505821, 15]
1.0	[61.55878187505821, 15]
1.0	[61.55878187505821, 15]
1.0	[61.55878187505821, 15]
1.0	[61.55878187505821, 15]
1.0	[61.55878187505821, 15]
1.0	[61.55878187505821, 15]
1.0	[61.55878187505821, 15]
1.0	[61.55878187505821, 15]
1.0	[61.55878187505821, 15]
1.0	[61.55878187505821, 15]
1.0	[61.55878187505821, 15]
1.0	[61.55878187505821, 15]
1.0	[61.55878187505821, 15]
1.0	[61.55878187505821, 15]
1.0	[61.55878187505821, 15]
1.0	[61.55878187505821, 15]
1.0	[61.55878187505821, 15]
1.0	[61.55878187505821, 15]
1.0	[61.55878187505821, 15]
1.0	[61.55878187505821, 15]
1.0	[61.55878187505821, 15]
1.0	[61.55878187505821, 15]
1.0	[61.55878187505821, 15]
1.0	[61.55878187505821, 15]
1.0	[61.55878187505821, 15]
1.0	[61.55878187505821, 15]
1.0	[61.55878187505821, 15]
1.0	[61.55878187505821, 15]
1.0	[61.55878187505821, 15]
1.0	[61.55878187505821, 15]
1.0	[61.55878187505821, 15]
1.0	[61.55878187505821, 15]
1.0	[61.55878187505821, 15]
1.0	[61.55878187505821, 15]
1.0	[61.55878187505821, 15]
1.0	[61.55878187505821, 15]
1.0	[61.55878187505821, 15]
1.0	[61.55878187505821, 15]
1.0	[61.55878187505821, 15]
1.0	[61.55878187505821, 15]
1.0	[61.55878187505821, 15]
1.0	[61.55878187505821, 15]
1.0	[61.55878187505821, 15]
1.0	[61.55878187505821, 15]
1.0	[61.55878187505821, 15]
1.0	[61.55878187505821, 15]
1.0	[61.55878187505821, 15]
1.0	[61.55878187505821, 15]
1.0	[61.55878187505821, 15]
1.0	[61.55878187505821, 15]
1.0	[61.55878187505821, 15]
1.0	[61.55878187505821, 15]
1.0	[61.55878187505821, 15]
1.0	[61.55878187505821, 15]
1.0	[61.55878187505821, 15]
1.0	[61.55878187505821, 15]
1.0	[61.55878187505821, 15]
1.0	[61.55878187505821, 15]
1.0	[61.55878187505821, 15]
1.0	[61.55878187505821, 15]
1.0	[61.55878187505821, 15]
1.0	[61.55878187505821, 15]
1.0	[61.55878187505821, 15]
1.0	[61.55878187505821, 15]
1.0	[61.55878187505821, 15]
1.0	[61.55878187505821, 15]
1.0	[61.55878187505821, 15]
1.0	[61.55878187505821, 15]
1.0	[61.55878187505821, 15]
1.0	[7.875716557306248, 15]
1.0	[7.875716557306248, 15]
1.0	[7.875716557306248, 15]
1.0	[7.875716557306248, 15]
1.0	[7.875716557306248, 15]
1.0	[7.875716557306248, 15]
1.0	[7.875716557306248, 15]
1.0	[7.875716557306248, 15]
1.0	[7.875716557306248, 15]
1.0	[7.875716557306248, 15]
1.0	[7.875716557306248, 15]
1.0	[7.875716557306248, 15]
1.0	[7.875716557306248, 15]
1.0	[7.875716557306248, 15]
1.0	[7.875716557306248, 15]
1.0	[7.875716557306248, 15]
1.0	[7.875716557306248, 15]
1.0	[7.875716557306248, 15]
1.0	[7.875716557306248, 15]
1.0	[7.875716557306248, 15]
1.0	[7.875716557306248, 15]
1.0	[7.875716557306248, 15]
1.0	[7.875716557306248, 15]
1.0	[7.875716557306248, 15]
1.0	[7.875716557306248, 15]
1.0	[7.875716557306248, 15]
1.0	[7.875716557306248, 15]
1.0	[7.875716557306248, 15]
1.0	[7.875716557306248, 15]
1.0	[7.875716557306248, 15]
1.0	[7.875716557306248, 15]
1.0	[7.875716557306248, 15]
1.0	[7.875716557306248, 15]
1.0	[7.875716557306248, 15]
1.0	[7.875716557306248, 15]
1.0	[7.875716557306248, 15]
1.0	[7.875716557306248, 15]
1.0	[7.875716557306248, 15]
1.0	[7.875716557306248, 15]
1.0	[7.875716557306248, 15]
1.0	[7.875716557306248, 15]
1.0	[7.875716557306248, 15]
1.0	[7.875716557306248, 15]
1.0	[7.875716557306248, 15]
1.0	[7.875716557306248, 15]
1.0	[7.875716557306248, 15]
1.0	[7.875716557306248, 15]
1.0	[7.875716557306248, 15]
1.0	[7.875716557306248, 15]
1.0	[7.875716557306248, 15]
1.0	[7.875716557306248, 15]
1.0	[7.875716557306248, 15]
1.0	[7.875716557306248, 15]
1.0	[6.278635385431247, 21]
1.0	[6.278635385431247, 21]
1.0	[6.278635385431247, 21]
1.0	[6.278635385431247, 21]
1.0	[136561230.74928164, 19]
1.0	[136561230.74928164, 19]
1.0	[795367.6636241267, 33]
1.0	[764774.1281011432, 33]
1.0	[2523979174.162214, 21]
1.0	[228375.18999715205, 21]
1.0	[228375.18999715205, 21]
1.0	[228375.18999715205, 21]
1.0	[228375.18999715205, 21]
1.0	[228375.18999715205, 21]
1.0	[228375.18999715205, 21]
1.0	[228375.18999715205, 21]
1.0	[228375.18999715205, 21]
1.0	[228375.18999715205, 21]
1.0	[228375.18999715205, 21]
1.0	[228375.18999715205, 21]
1.0	[228375.18999715205, 21]
1.0	[228375.18999715205, 21]
1.0	[6513.206702042917, 19]
1.0	[6513.206702042917, 19]
1.0	[6513.206702042917, 19]
1.0	[6513.206702042917, 19]
1.0	[6513.206702042917, 19]
1.0	[6513.206702042917, 19]
1.0	[6513.206702042917, 19]
1.0	[6513.206702042917, 19]
1.0	[6513.206702042917, 19]
1.0	[6513.206702042917, 19]
1.0	[6513.206702042917, 19]
1.0	[6513.206702042917, 19]
1.0	[6513.206702042917, 19]
1.0	[6513.206702042917, 19]
1.0	[6513.206702042917, 19]
1.0	[6513.206702042917, 19]
1.0	[6513.206702042917, 19]
1.0	[6513.206702042917, 19]
1.0	[6513.206702042917, 19]
1.0	[6513.206702042917, 19]
1.0	[6513.206702042917, 19]
1.0	[6513.206702042917, 19]
1.0	[6513.206702042917, 19]
1.0	[6513.206702042917, 19]
1.0	[6513.206702042917, 19]
1.0	[6513.206702042917, 19]
1.0	[353.9014003649, 35]
1.0	[791028691910.5059, 19]
1.0	[791028691910.5059, 19]
1.0	[141310.3701251313, 31]
1.0	[141310.3701251313, 31]
1.0	[141310.3701251313, 31]
1.0	[141310.3701251313, 31]
1.0	[141310.3701251313, 31]
1.0	[458726062014.94525, 27]
1.0	[458726062014.94525, 27]
1.0	[1420968.2051022586, 21]
1.0	[1420968.2051022586, 21]
1.0	[1420968.2051022586, 21]
1.0	[1420968.2051022586, 21]
1.0	[1420968.2051022586, 21]
1.0	[1420968.2051022586, 21]
1.0	[1420968.2051022586, 21]
1.0	[9153.803914278898, 15]
1.0	[9153.803914278898, 15]
1.0	[9153.803914278898, 15]
1.0	[319.444051169172, 15]
1.0	[319.444051169172, 15]
1.0	[319.444051169172, 15]
1.0	[319.444051169172, 15]
1.0	[319.444051169172, 15]
1.0	[319.444051169172, 15]
1.0	[291.28677134837073, 15]
1.0	[291.28677134837073, 15]
1.0	[291.28677134837073, 15]
1.0	[291.28677134837073, 15]
1.0	[291.28677134837073, 15]
1.0	[291.28677134837073, 15]
1.0	[291.28677134837073, 15]
1.0	[291.28677134837073, 15]
1.0	[291.28677134837073, 15]
1.0	[291.28677134837073, 15]
1.0	[291.28677134837073, 15]
1.0	[291.28677134837073, 15]
1.0	[291.28677134837073, 15]
1.0	[291.28677134837073, 15]
1.0	[291.28677134837073, 15]
1.0	[291.28677134837073, 15]
1.0	[291.28677134837073, 15]
1.0	[291.28677134837073, 15]
1.0	[291.28677134837073, 15]
1.0	[291.28677134837073, 15]
1.0	[291.28677134837073, 15]
1.0	[291.28677134837073, 15]
1.0	[291.28677134837073, 15]
1.0	[291.28677134837073, 15]
1.0	[291.28677134837073, 15]
1.0	[291.28677134837073, 15]
1.0	[291.28677134837073, 15]
1.0	[291.28677134837073, 15]
1.0	[291.28677134837073, 15]
1.0	[291.28677134837073, 15]
1.0	[291.28677134837073, 15]
1.0	[291.28677134837073, 15]
1.0	[291.28677134837073, 15]
1.0	[291.28677134837073, 15]
1.0	[291.28677134837073, 15]
1.0	[291.28677134837073, 15]
1.0	[291.28677134837073, 15]
1.0	[291.28677134837073, 15]
1.0	[291.28677134837073, 15]
1.0	[291.28677134837073, 15]
1.0	[291.28677134837073, 15]
1.0	[291.28677134837073, 15]
1.0	[291.28677134837073, 15]
1.0	[291.28677134837073, 15]
1.0	[291.28677134837073, 15]
1.0	[291.28677134837073, 15]
1.0	[291.28677134837073, 15]
1.0	[291.28677134837073, 15]
1.0	[291.28677134837073, 15]
1.0	[291.28677134837073, 15]
1.0	[291.28677134837073, 15]
1.0	[291.28677134837073, 15]
1.0	[291.28677134837073, 15]
1.0	[291.28677134837073, 15]
1.0	[291.28677134837073, 15]
1.0	[291.28677134837073, 15]
1.0	[291.28677134837073, 15]
1.0	[291.28677134837073, 15]
1.0	[291.28677134837073, 15]
1.0	[291.28677134837073, 15]
1.0	[291.28677134837073, 15]
1.0	[291.28677134837073, 15]
1.0	[291.28677134837073, 15]
1.0	[291.28677134837073, 15]
1.0	[291.28677134837073, 15]
1.0	[291.28677134837073, 15]
1.0	[291.28677134837073, 15]
1.0	[291.28677134837073, 15]
1.0	[291.28677134837073, 15]
1.0	[291.28677134837073, 15]
1.0	[291.28677134837073, 15]
1.0	[291.28677134837073, 15]
1.0	[291.28677134837073, 15]
1.0	[291.28677134837073, 15]
1.0	[291.28677134837073, 15]
1.0	[291.28677134837073, 15]
1.0	[291.28677134837073, 15]
1.0	[291.28677134837073, 15]
1.0	[291.28677134837073, 15]
1.0	[291.28677134837073, 15]
1.0	[291.28677134837073, 15]
1.0	[291.28677134837073, 15]
1.0	[291.28677134837073, 15]
1.0	[291.28677134837073, 15]
1.0	[291.28677134837073, 15]
1.0	[291.28677134837073, 15]
1.0	[291.28677134837073, 15]
1.0	[291.28677134837073, 15]
1.0	[33.695889756705725, 15]
1.0	[33.695889756705725, 15]
1.0	[33.695889756705725, 15]
1.0	[33.695889756705725, 15]
1.0	[33.695889756705725, 15]
1.0	[33.695889756705725, 15]
1.0	[33.695889756705725, 15]
1.0	[33.695889756705725, 15]
1.0	[33.695889756705725, 15]
1.0	[33.695889756705725, 15]
1.0	[33.695889756705725, 15]
1.0	[33.695889756705725, 15]
1.0	[33.695889756705725, 15]
1.0	[33.695889756705725, 15]
1.0	[33.695889756705725, 15]
1.0	[33.695889756705725, 15]
1.0	[33.695889756705725, 15]
1.0	[33.695889756705725, 15]
1.0	[33.695889756705725, 15]
1.0	[33.695889756705725, 15]
1.0	[33.695889756705725, 15]
1.0	[33.695889756705725, 15]
1.0	[33.695889756705725, 15]
1.0	[33.695889756705725, 15]
1.0	[33.695889756705725, 15]
1.0	[33.695889756705725, 15]
1.0	[33.695889756705725, 15]
1.0	[33.695889756705725, 15]
1.0	[33.695889756705725, 15]
1.0	[33.695889756705725, 15]
1.0	[33.695889756705725, 15]
1.0	[33.695889756705725, 15]
1.0	[33.695889756705725, 15]
1.0	[33.695889756705725, 15]
1.0	[33.695889756705725, 15]
1.0	[33.695889756705725, 15]
1.0	[33.695889756705725, 15]
1.0	[33.695889756705725, 15]
1.0	[33.695889756705725, 15]
1.0	[33.695889756705725, 15]
1.0	[33.695889756705725, 15]
1.0	[33.695889756705725, 15]
1.0	[33.695889756705725, 15]
1.0	[33.695889756705725, 15]
1.0	[33.695889756705725, 15]
1.0	[33.695889756705725, 15]
1.0	[33.695889756705725, 15]
1.0	[33.695889756705725, 15]
1.0	[33.695889756705725, 15]
1.0	[33.695889756705725, 15]
1.0	[33.695889756705725, 15]
1.0	[33.695889756705725, 15]
1.0	[33.695889756705725, 15]
1.0	[33.695889756705725, 15]
1.0	[33.695889756705725, 15]
1.0	[33.695889756705725, 15]
1.0	[33.695889756705725, 15]
1.0	[33.695889756705725, 15]
1.0	[33.695889756705725, 15]
1.0	[33.695889756705725, 15]
1.0	[33.695889756705725, 15]
1.0	[33.695889756705725, 15]
1.0	[33.695889756705725, 15]
1.0	[33.695889756705725, 15]
1.0	[33.695889756705725, 15]
1.0	[33.695889756705725, 15]
1.0	[33.695889756705725, 15]
1.0	[33.695889756705725, 15]
1.0	[33.695889756705725, 15]
1.0	[33.695889756705725, 15]
1.0	[33.695889756705725, 15]
1.0	[33.695889756705725, 15]
1.0	[33.695889756705725, 15]
1.0	[33.695889756705725, 15]
1.0	[33.695889756705725, 15]
1.0	[33.695889756705725, 15]
1.0	[33.695889756705725, 15]
1.0	[33.695889756705725, 15]
1.0	[33.695889756705725, 15]
1.0	[33.695889756705725, 15]
1.0	[33.695889756705725, 15]
1.0	[33.695889756705725, 15]
1.0	[33.695889756705725, 15]
1.0	[33.695889756705725, 15]
1.0	[33.695889756705725, 15]
1.0	[33.695889756705725, 15]
1.0	[33.695889756705725, 15]
1.0	[33.695889756705725, 15]
1.0	[33.695889756705725, 15]
1.0	[33.695889756705725, 15]
1.0	[33.695889756705725, 15]
1.0	[33.695889756705725, 15]
1.0	[33.695889756705725, 15]
1.0	[33.695889756705725, 15]
1.0	[33.695889756705725, 15]
1.0	[33.695889756705725, 15]
1.0	[33.695889756705725, 15]
1.0	[33.695889756705725, 15]
1.0	[33.695889756705725, 15]
1.0	[33.695889756705725, 15]
1.0	[33.695889756705725, 15]
1.0	[33.695889756705725, 15]
1.0	[33.695889756705725, 15]
1.0	[33.695889756705725, 15]
1.0	[33.695889756705725, 15]
1.0	[33.695889756705725, 15]
1.0	[33.695889756705725, 15]
1.0	[33.695889756705725, 15]
1.0	[33.695889756705725, 15]
1.0	[33.695889756705725, 15]
1.0	[33.695889756705725, 15]
1.0	[33.695889756705725, 15]
1.0	[33.695889756705725, 15]
1.0	[33.695889756705725, 15]
1.0	[33.695889756705725, 15]
1.0	[33.695889756705725, 15]
1.0	[33.695889756705725, 15]
1.0	[33.695889756705725, 15]
1.0	[33.695889756705725, 15]
1.0	[33.695889756705725, 15]
1.0	[33.695889756705725, 15]
1.0	[33.695889756705725, 15]
1.0	[33.695889756705725, 15]
1.0	[33.695889756705725, 15]
1.0	[33.695889756705725, 15]
1.0	[33.695889756705725, 15]
1.0	[33.695889756705725, 15]
