  1.000000
  0.017857
  0.019608
  1.000000
  0.028571
  0.100000
  0.019231
  0.090909
  0.017857
  1.000000
  0.500000
  0.250000
  0.037037
  0.017544
  0.500000
  0.100000
  1.000000
  0.043478
  0.055556
  0.500000
  0.090909
  1.000000
  0.041667
  0.022222
  0.071429
  0.029412
  0.250000
  0.021277
  0.142857
  0.020000
  0.083333
  0.016129
  0.055556
  0.027027
  0.047619
  0.038462
  0.027778
  0.032258
  0.500000
  0.050000
  0.062500
  0.031250
  0.090909
  0.500000
  0.076923
  0.066667
  0.038462
  0.333333
  0.500000
  0.125000
  1.000000
  0.071429
  0.083333
  0.041667
  0.142857
  0.100000
  0.043478
  1.000000
  0.500000
  1.000000
  0.333333
  0.166667
  0.071429
  0.083333
  0.500000
  1.000000
  0.142857
  0.200000
  0.500000
  0.500000
  0.040000
  0.125000
  1.000000
  0.500000
  0.100000
  0.050000
  0.142857
  0.500000
  0.166667
  0.066667
  0.333333
  0.076923
  0.500000
  1.000000
  1.000000
  0.125000
  1.000000
  0.166667
  0.142857
  1.000000
  0.500000
  0.500000
  0.333333
  1.000000
  0.500000
  1.000000
  1.000000
  0.500000
  1.000000
  1.000000
